zmat angstroms
N
C 1 1.392322
N 2 1.378044 1 113.632985
C 3 1.385034 2 126.834834 1 1.482434
C 4 1.451154 3 115.181590 2 -1.756503
C 5 1.348654 4 119.347094 3 0.952125
O 6 3.529968 5 102.834095 4 0.051197
O 7 4.578367 6 49.967595 5 0.264157
H 8 5.010512 7 29.269070 6 0.306015
H 9 4.064013 8 30.100842 7 -2.308626
H 10 4.250375 9 60.595453 8 -1.598837
H 11 2.514938 10 87.160760 9 -0.708164
O 12 7.054424 11 39.939005 10 6.886145
H 13 0.984527 12 20.810605 11 -1.579760
H 14 1.538099 13 37.492349 12 -128.878244
O 15 3.149197 14 63.230464 13 62.795524
H 16 0.965165 15 123.198761 14 -92.599941
H 17 1.557888 16 37.777096 15 3.212670
variables
constants
end

